1018 3
1369
2604 7
4062
9608 22
10119
19092 55
19119 56
19130 57
19158 58
19172 59
19227 55
19269 58
19311 55
20245 58
20896 56
21872 57
22565 59
23258 58
23541 57
23671 55
23797 56
23923 59
24053 58
24179 55
24200 57
24617 55
24907 59
25175 57
25638 55
26010 59
26148 56
26412 57
27083 55
27368 59
27642 55
27826 59
28109 56
28481 55
28893 57
29176 56
29443 55
29699 56
30152 55
30558 56
30908 55
31182 58
31322 56
32215 55
32612 56
32834 58
33074 55
33201 56
33752 58
33887 56
34665 58
34957 56
35589 58
35872 56
36386 58
36756 55
37227 56
37625 58
38089 55
38522 56
38826 58
39537 55
39973 56
40261 58
40578 55
41230 56
41495 58
41899 59
42126 55
42221 59
43025 55
43184 56
43702 58
44081 57
44900 59
45493 55
45622 56
45751 58
45880 57
46260 55
46837 56
47414 57
47884 55
48189 59
48766 57
50295 55
51324 58
51901 59
52158 56
52415 57
54108 55
54869 58
54902 59
55427 56
55952 57
57737 55
59008 58
59503 59
60038 56
61016 57
62598 55
64837 58
66018 59
67162 56
68305 57
69160 58
69298 55
69412 58
69527 55
69771 58
70815 55
73829 59
74427 56
75025 57
75623 55
76933 58
77197 55
78032 58
78143 55
78333 58
78407 55
78587 59
78870 56
79165 57
79458 58
79738 55
79887 59
81343 55
81732 59
82935 56
83324 59
86382 56
86669 59
87155 55
87442 59
92770 57
92994 59
104290 57
104407 59
110088 58
110313 59
151425 56
152185 55
153548 57
154135 55
154278
155181 56
155324 58
155810 55
156002 56
156194 58
156616
157523 59
157858 56
158638
158938 55
160809
161416 55
161955
162562 59
169342
170545 74
170583
